 -439  297  139  -85  394  213  293 -469 -217  -76
  123 -417  278  134  -70  194 -215 -207  102  239
  232  486  337   28   71  459  109 -327   83  273
  200  131  465  397 -313 -435 -121 -181  241  320
  -55 -169 -427  101  -12  434  216   26  307  -20
 -258  466  436  480  377  -19  237 -465  183  390
  400   22 -400   25  222 -319  273   95  198  404
  447 -493  480  -97 -318 -253 -175  487 -154   78
 -418 -218  371  -85  326  413   86 -324  369  192
   28  416  454 -117   92 -168  213 -459 -477  160
